0
2.0293E-22
4.0586E-22
6.0879E-22
8.1172E-22
1.01465E-21
1.21758E-21
2.0096E-21
1.66847E-21
7.03012E-22
3.49959E-22
2.04977E-22
9.17146E-23
7.20052E-23
5.22958E-23
3.35919E-23
2.96163E-23
2.56407E-23
2.16652E-23
1.76896E-23
1.3714E-23
9.73845E-24
8.22257E-24
7.54331E-24
6.86404E-24
6.18478E-24
5.50551E-24
4.82625E-24
4.21263E-24
4.01483E-24
3.81702E-24
3.61922E-24
3.42142E-24
3.22362E-24
3.02582E-24
2.82802E-24
2.63022E-24
2.43242E-24
2.34448E-24
2.29536E-24
2.24624E-24
2.19712E-24
2.148E-24
2.09889E-24
2.04977E-24
2.00065E-24
1.95109E-24
1.89454E-24
1.83799E-24
1.78144E-24
1.72489E-24