0
1.03812E-21
2.07624E-21
3.11436E-21
4.15248E-21
5.1906E-21
6.22872E-21
1.53907E-20
2.40822E-20
2.32607E-20
2.14325E-20
1.9964E-20
1.87737E-20
1.75833E-20
1.6393E-20
1.52026E-20
1.41971E-20
1.36134E-20
1.30297E-20
1.2446E-20
1.18622E-20
1.12785E-20
1.07653E-20
1.04387E-20
1.01121E-20
9.78546E-21
9.45885E-21
9.13223E-21
8.80561E-21
8.47899E-21
8.15237E-21
7.82576E-21
7.53195E-21
7.35184E-21
7.17172E-21
6.99161E-21
6.8115E-21
6.63139E-21
6.45127E-21
6.27116E-21
6.09105E-21
5.91094E-21
5.73082E-21
5.55392E-21
5.42881E-21
5.30371E-21
5.17861E-21
5.05351E-21
4.92841E-21
4.80331E-21
4.67821E-21