0
8.82531E-21
1.76506E-20
2.64759E-20
3.53012E-20
4.41265E-20
5.29518E-20
2.22912E-19
3.04317E-19
2.92525E-19
2.69231E-19
2.44066E-19
2.26648E-19
2.10235E-19
1.93821E-19
1.7842E-19
1.66984E-19
1.55549E-19
1.44113E-19
1.38438E-19
1.32901E-19
1.27364E-19
1.21827E-19
1.1629E-19
1.10848E-19
1.06871E-19
1.02894E-19
9.89168E-20
9.49398E-20
9.09627E-20
8.69857E-20
8.30086E-20
7.90316E-20
7.60228E-20
7.37563E-20
7.14898E-20
6.92233E-20
6.69567E-20
6.46902E-20
6.24237E-20
6.02095E-20
5.8755E-20
5.73005E-20
5.5846E-20
5.43916E-20
5.29371E-20
5.14826E-20
5.00675E-20
4.88662E-20
4.76649E-20
4.64636E-20