0
5.68242E-21
1.13648E-20
1.70472E-20
2.27297E-20
2.84121E-20
3.40945E-20
2.66432E-19
4.13772E-19
4.48726E-19
4.3116E-19
4.13593E-19
3.95516E-19
3.74715E-19
3.53913E-19
3.33112E-19
3.12311E-19
2.91509E-19
2.77447E-19
2.67879E-19
2.58311E-19
2.48743E-19
2.39175E-19
2.29607E-19
2.20039E-19
2.10471E-19
2.03421E-19
1.97276E-19
1.91132E-19
1.84988E-19
1.78843E-19
1.72699E-19
1.66555E-19
1.6041E-19
1.54266E-19
1.48122E-19
1.41977E-19
1.38484E-19
1.35189E-19
1.31895E-19
1.28601E-19
1.25307E-19
1.22013E-19
1.18718E-19
1.15424E-19
1.1213E-19
1.08836E-19
1.05542E-19
1.03038E-19
1.00878E-19
9.8718E-20