0
1.76128E-21
3.52255E-21
5.28383E-21
7.04511E-21
8.80638E-21
1.05677E-20
3.61341E-20
2.89624E-20
1.63572E-20
9.64955E-21
6.07058E-21
3.58593E-21
2.66613E-21
1.74632E-21
1.23841E-21
1.08219E-21
9.25972E-22
7.69754E-22
6.13536E-22
5.40296E-22
4.83062E-22
4.25828E-22
3.68594E-22
3.11361E-22
2.87748E-22
2.69352E-22
2.50957E-22
2.32561E-22
2.14165E-22
1.95769E-22
1.82507E-22
1.77676E-22
1.72846E-22
1.68015E-22
1.63185E-22
1.58354E-22
1.53913E-22
1.50647E-22
1.47381E-22
1.44115E-22
1.40849E-22
1.37584E-22
1.34318E-22
1.312E-22
1.28851E-22
1.26503E-22
1.24155E-22
1.21806E-22
1.19458E-22
1.1711E-22