0
3.70872E-22
7.41744E-22
1.11262E-21
1.48349E-21
1.85436E-21
2.22523E-21
4.04308E-21
3.43649E-21
1.53056E-21
7.53956E-22
5.93977E-22
4.33998E-22
2.74018E-22
1.85541E-22
1.42281E-22
9.90202E-23
7.02928E-23
5.89019E-23
4.7511E-23
3.61201E-23
2.47291E-23
2.00905E-23
1.6509E-23
1.29275E-23
1.0711E-23
9.42067E-24
8.13032E-24
6.83998E-24
5.54964E-24
4.63651E-24
4.24866E-24
3.86082E-24
3.47298E-24
3.08514E-24
2.77493E-24
2.51879E-24
2.26264E-24
2.0065E-24
1.75036E-24
1.49421E-24
1.34807E-24
1.24895E-24
1.14983E-24
1.05071E-24
9.51593E-25
8.52473E-25
7.89945E-25
7.39665E-25
6.89386E-25
6.39106E-25