0
5.92707E-22
1.18541E-21
1.77812E-21
2.37083E-21
2.96353E-21
3.55624E-21
6.40552E-21
9.39952E-21
7.93589E-21
6.63064E-21
5.60281E-21
4.92159E-21
4.43412E-21
4.13615E-21
3.83818E-21
3.54022E-21
3.33872E-21
3.21091E-21
3.08309E-21
2.95528E-21
2.82747E-21
2.69965E-21
2.57184E-21
2.44402E-21
2.31621E-21
2.1884E-21
2.0997E-21
2.04065E-21
1.98159E-21
1.92254E-21
1.86349E-21
1.80443E-21
1.74538E-21
1.68632E-21
1.63142E-21
1.59033E-21
1.54923E-21
1.50814E-21
1.46704E-21
1.42595E-21
1.38485E-21
1.34376E-21
1.30267E-21
1.26157E-21
1.22048E-21
1.17938E-21
1.15544E-21
1.13176E-21
1.10807E-21
1.08439E-21