7.5E-20
2.65E-20
5.4E-20
8.1E-20
1.065E-19
1.5E-19
1.51708E-19
1.42796E-19
1.31275E-19
1.1527E-19
9.73913E-20
8.56678E-20
7.39443E-20
6.54661E-20
6.0233E-20
5.5E-20
5.2735E-20
5.047E-20
4.8205E-20
4.594E-20
4.3675E-20
4.141E-20
3.9145E-20
3.688E-20
3.4615E-20
3.235E-20
3.15451E-20
3.07402E-20
2.99353E-20
2.91304E-20
2.83256E-20
2.75207E-20
2.67158E-20
2.59109E-20
2.5106E-20
2.43011E-20
2.34962E-20
2.26913E-20
2.20533E-20
2.15822E-20
2.11111E-20
2.064E-20
2.01689E-20
1.96978E-20
1.92267E-20
1.87556E-20
1.82844E-20
1.78133E-20
1.73422E-20
1.68711E-20
1.64E-20