0
4.45665E-21
8.9133E-21
1.337E-20
1.78266E-20
2.22833E-20
2.67399E-20
6.37208E-20
1.18006E-19
1.27611E-19
1.28243E-19
1.20662E-19
1.13081E-19
1.06081E-19
1.00907E-19
9.57321E-20
9.05574E-20
8.54293E-20
8.24287E-20
7.94281E-20
7.64275E-20
7.3427E-20
7.04264E-20
6.74258E-20
6.44253E-20
6.21511E-20
6.01444E-20
5.81377E-20
5.61311E-20
5.41244E-20
5.21177E-20
5.0111E-20
4.81044E-20
4.63083E-20
4.51735E-20
4.40387E-20
4.2904E-20
4.17692E-20
4.06344E-20
3.94996E-20
3.83648E-20
3.723E-20
3.60952E-20
3.49605E-20
3.39116E-20
3.3216E-20
3.25203E-20
3.18247E-20
3.11291E-20
3.04334E-20
2.97378E-20