0
2.96618E-24
5.93237E-24
8.89855E-24
1.18647E-23
1.48309E-23
1.77971E-23
2.07633E-23
6.26919E-23
1.36787E-22
2.18725E-22
2.54038E-22
2.72302E-22
2.58907E-22
2.38248E-22
2.15067E-22
1.90228E-22
1.70539E-22
1.55327E-22
1.43808E-22
1.34319E-22
1.25795E-22
1.19453E-22
1.13111E-22
1.08979E-22
1.05812E-22
1.02644E-22
1.00107E-22
9.77544E-23
9.54021E-23
9.2811E-23
9.01241E-23
8.74372E-23
8.54054E-23
8.39492E-23
8.2493E-23
8.09757E-23
7.94066E-23
7.78375E-23
7.63236E-23
7.48459E-23
7.33682E-23
7.18638E-23
7.02932E-23
6.87226E-23
6.7152E-23
6.6477E-23
6.61659E-23
6.58547E-23
6.46924E-23
6.33008E-23