0
1.88421E-24
3.76842E-24
5.65263E-24
7.53684E-24
9.42106E-24
1.13053E-23
1.6563E-23
6.47426E-23
1.3021E-22
1.90775E-22
2.11472E-22
2.12126E-22
2.03117E-22
1.82102E-22
1.64461E-22
1.4795E-22
1.31903E-22
1.22225E-22
1.13965E-22
1.07217E-22
1.01462E-22
9.67574E-23
9.36304E-23
9.05034E-23
8.75827E-23
8.47438E-23
8.19318E-23
7.97391E-23
7.75463E-23
7.53536E-23
7.3648E-23
7.23189E-23
7.09898E-23
6.95272E-23
6.79299E-23
6.63326E-23
6.49286E-23
6.37895E-23
6.26503E-23
6.15111E-23
6.04186E-23
5.93387E-23
5.82867E-23
5.74532E-23
5.66197E-23
5.57531E-23
5.48254E-23
5.38977E-23
5.297E-23
5.20422E-23