0
1.237E-21
2.474E-21
3.71099E-21
4.94799E-21
6.18499E-21
7.42199E-21
8.72323E-21
8.24713E-21
5.84397E-21
3.96042E-21
3.09746E-21
2.23449E-21
1.58738E-21
1.35218E-21
1.11698E-21
8.81778E-22
7.03988E-22
6.41364E-22
5.7874E-22
5.16116E-22
4.53492E-22
3.96068E-22
3.65932E-22
3.35797E-22
3.05662E-22
2.75527E-22
2.45392E-22
2.19464E-22
2.07378E-22
1.95292E-22
1.83206E-22
1.7112E-22
1.59035E-22
1.52651E-22
1.46551E-22
1.40451E-22
1.34351E-22
1.28251E-22
1.22151E-22
1.15685E-22
1.0865E-22
1.01614E-22
9.45788E-23
8.75433E-23
8.05079E-23
7.34725E-23
6.6437E-23
5.94016E-23
5.23662E-23
4.53307E-23