0
1.09687E-23
2.19374E-23
3.29061E-23
4.38747E-23
5.48434E-23
6.58121E-23
1.46732E-22
3.93706E-22
7.83479E-22
1.08519E-21
1.36633E-21
1.63779E-21
1.70138E-21
1.76298E-21
1.69411E-21
1.62524E-21
1.55637E-21
1.4875E-21
1.41255E-21
1.33358E-21
1.25461E-21
1.17563E-21
1.11797E-21
1.07694E-21
1.0359E-21
9.94871E-22
9.53837E-22
9.12803E-22
8.72957E-22
8.44928E-22
8.16899E-22
7.8887E-22
7.60841E-22
7.34154E-22
7.17782E-22
7.01409E-22
6.85036E-22
6.68664E-22
6.52307E-22
6.36011E-22
6.19715E-22
6.03419E-22
5.87123E-22
5.70827E-22
5.59018E-22
5.48834E-22
5.3865E-22
5.28466E-22
5.18282E-22
5.08099E-22