0
1.50185E-24
3.0037E-24
4.50556E-24
6.00741E-24
7.50926E-24
9.01111E-24
2.918E-23
9.07087E-23
1.86062E-22
2.77186E-22
3.54134E-22
3.95481E-22
4.10383E-22
4.08064E-22
4.05746E-22
3.83795E-22
3.60958E-22
3.41451E-22
3.23286E-22
3.05975E-22
2.90694E-22
2.75413E-22
2.60132E-22
2.45982E-22
2.34048E-22
2.22115E-22
2.10182E-22
2.03671E-22
1.97248E-22
1.90826E-22
1.84403E-22
1.79962E-22
1.75861E-22
1.7176E-22
1.67659E-22
1.63535E-22
1.59404E-22
1.55274E-22
1.51402E-22
1.47635E-22
1.43867E-22
1.401E-22
1.36409E-22
1.34084E-22
1.31759E-22
1.29434E-22
1.27153E-22
1.25032E-22
1.22911E-22
1.2079E-22