0
3.92086E-25
7.84173E-25
1.17626E-24
1.56835E-24
1.96043E-24
2.35252E-24
7.70692E-24
3.85585E-23
8.95942E-23
1.43587E-22
1.72309E-22
1.77112E-22
1.58863E-22
1.40614E-22
1.16241E-22
8.97688E-23
7.05802E-23
5.49804E-23
3.93807E-23
3.26292E-23
2.65091E-23
2.0389E-23
1.53522E-23
1.30949E-23
1.08377E-23
8.58045E-24
7.46415E-24
6.74449E-24
6.02482E-24
5.30515E-24
4.58548E-24
4.10517E-24
3.80216E-24
3.49915E-24
3.19615E-24
2.89361E-24
2.68382E-24
2.47403E-24
2.26424E-24
2.07149E-24
1.9375E-24
1.80351E-24
1.66953E-24
1.58588E-24
1.50264E-24
1.41941E-24
1.33914E-24
1.26328E-24
1.18741E-24
1.11155E-24