0
1.28868E-22
2.57736E-22
3.86604E-22
5.15472E-22
6.4434E-22
7.73208E-22
2.05873E-21
2.34001E-21
1.74537E-21
1.27356E-21
1.03761E-21
8.22158E-22
6.65482E-22
5.41864E-22
4.18246E-22
3.45532E-22
2.87852E-22
2.32484E-22
2.02328E-22
1.72172E-22
1.48816E-22
1.38899E-22
1.28982E-22
1.19064E-22
1.12787E-22
1.07896E-22
1.03006E-22
9.8116E-23
9.30968E-23
8.80405E-23
8.29841E-23
7.81096E-23
7.63E-23
7.44903E-23
7.26807E-23
7.0871E-23
6.90613E-23
6.75532E-23
6.68522E-23
6.61512E-23
6.54501E-23
6.47491E-23
6.40481E-23
6.19121E-23
5.96911E-23
5.747E-23
5.52489E-23
5.33608E-23
5.2461E-23
5.15611E-23