0
2.4849E-22
4.96979E-22
7.45469E-22
9.93958E-22
1.24245E-21
1.49094E-21
4.06304E-21
3.86195E-21
2.19848E-21
1.09927E-21
6.97583E-22
3.89035E-22
3.00615E-22
2.12195E-22
1.83908E-22
1.56224E-22
1.2854E-22
1.00855E-22
8.51139E-23
7.72816E-23
6.94493E-23
6.1617E-23
5.37848E-23
4.59525E-23
3.81202E-23
3.47151E-23
3.25087E-23
3.03024E-23
2.8096E-23
2.58897E-23
2.36833E-23
2.28041E-23
2.1981E-23
2.1158E-23
2.03349E-23
1.95118E-23
1.86888E-23
1.78657E-23
1.75156E-23
1.72008E-23
1.6886E-23
1.65712E-23
1.62563E-23
1.59415E-23
1.56267E-23
1.53119E-23
1.4999E-23
1.47388E-23
1.44787E-23
1.42185E-23