0
1.73265E-21
3.46531E-21
5.19796E-21
6.93062E-21
8.66327E-21
1.03959E-20
6.53253E-20
1.06087E-19
1.07221E-19
1.01785E-19
9.4313E-20
9.02299E-20
8.68128E-20
8.33957E-20
7.99787E-20
7.65616E-20
7.31445E-20
6.97274E-20
6.63103E-20
6.28932E-20
5.94761E-20
5.6059E-20
5.26419E-20
4.92248E-20
4.58077E-20
4.3035E-20
4.16571E-20
4.02792E-20
3.89013E-20
3.75233E-20
3.61454E-20
3.47675E-20
3.33896E-20
3.20117E-20
3.11288E-20
3.04255E-20
2.97221E-20
2.90188E-20
2.83155E-20
2.76121E-20
2.69088E-20
2.62504E-20
2.55993E-20
2.49482E-20
2.42971E-20
2.36461E-20
2.2995E-20
2.23439E-20
2.16928E-20
2.11094E-20