0
1.51915E-24
3.0383E-24
4.55745E-24
6.07659E-24
7.59574E-24
9.11489E-24
2.53968E-23
8.99542E-23
2.1897E-22
2.83165E-22
3.2683E-22
3.31723E-22
3.12205E-22
2.888E-22
2.56915E-22
2.29878E-22
2.03936E-22
1.78902E-22
1.66189E-22
1.53476E-22
1.40763E-22
1.33075E-22
1.27321E-22
1.21566E-22
1.15812E-22
1.10902E-22
1.07466E-22
1.04031E-22
1.00595E-22
9.71599E-23
9.41956E-23
9.21283E-23
9.00609E-23
8.79936E-23
8.59262E-23
8.38589E-23
8.18486E-23
7.98672E-23
7.78859E-23
7.59046E-23
7.39233E-23
7.24128E-23
7.1437E-23
7.04612E-23
6.94855E-23
6.84324E-23
6.72886E-23
6.61448E-23
6.50009E-23
6.38571E-23