0
5.23334E-25
1.04667E-24
1.57E-24
2.09334E-24
2.61667E-24
3.14001E-24
3.16645E-23
1.05365E-22
3.2913E-22
6.65938E-22
8.35374E-22
9.70196E-22
9.70196E-22
8.44713E-22
7.01913E-22
5.722E-22
4.43101E-22
3.47847E-22
2.68968E-22
1.91059E-22
1.61E-22
1.30941E-22
1.00883E-22
7.58936E-23
6.63177E-23
5.67418E-23
4.71659E-23
3.95622E-23
3.60351E-23
3.2508E-23
2.8981E-23
2.54539E-23
2.3105E-23
2.17606E-23
2.04163E-23
1.90719E-23
1.77739E-23
1.6846E-23
1.59181E-23
1.49902E-23
1.40623E-23
1.3206E-23
1.2429E-23
1.1652E-23
1.09557E-23
1.04795E-23
1.00032E-23
9.52613E-24
9.04266E-24
8.55919E-24