0
9.45577E-25
1.89115E-24
2.83673E-24
3.78231E-24
4.72789E-24
5.67346E-24
2.51287E-23
1.1449E-22
2.53898E-22
4.20878E-22
4.70813E-22
4.76228E-22
4.41743E-22
3.9831E-22
3.25394E-22
2.59154E-22
2.05643E-22
1.61731E-22
1.26289E-22
9.88624E-23
8.06628E-23
6.24632E-23
5.1832E-23
4.32129E-23
3.45938E-23
2.97979E-23
2.62081E-23
2.26779E-23
2.08106E-23
1.89434E-23
1.70997E-23
1.54306E-23
1.37615E-23
1.21733E-23
1.14126E-23
1.06519E-23
9.82445E-24
8.97087E-24
8.11729E-24
7.33339E-24
6.96481E-24
6.59623E-24
6.22765E-24
5.88573E-24
5.54415E-24
5.20145E-24
4.84406E-24
4.48667E-24
4.25085E-24
4.02085E-24