0
1.35876E-22
2.71751E-22
4.07627E-22
5.43502E-22
6.79378E-22
8.15253E-22
6.96893E-21
8.21861E-21
4.98019E-21
2.49012E-21
1.6969E-21
1.07767E-21
8.24139E-22
5.90198E-22
4.72335E-22
3.54471E-22
2.90801E-22
2.41183E-22
1.91564E-22
1.58895E-22
1.42601E-22
1.26307E-22
1.11513E-22
1.04505E-22
9.74976E-23
9.04898E-23
8.34819E-23
8.14713E-23
7.97744E-23
7.80774E-23
7.63805E-23
7.46836E-23
7.31597E-23
7.16586E-23
7.01576E-23
6.86565E-23
6.80581E-23
6.80581E-23
6.80581E-23
6.80581E-23
6.80429E-23
6.74041E-23
6.67652E-23
6.61264E-23
6.54876E-23
6.48487E-23
6.42291E-23
6.36246E-23
6.302E-23
6.24155E-23