0
4.11531E-21
8.23061E-21
1.23459E-20
1.64612E-20
2.05765E-20
2.46918E-20
4.92973E-20
1.4674E-19
1.66224E-19
1.65827E-19
1.58471E-19
1.47914E-19
1.36624E-19
1.2865E-19
1.20676E-19
1.15339E-19
1.10167E-19
1.04883E-19
9.95146E-20
9.41458E-20
8.90227E-20
8.46845E-20
8.03463E-20
7.58911E-20
7.12991E-20
6.69932E-20
6.41238E-20
6.12663E-20
5.90217E-20
5.6777E-20
5.46816E-20
5.27427E-20
5.08039E-20
4.87208E-20
4.66159E-20
4.46177E-20
4.27697E-20
4.09217E-20
3.98265E-20
3.88393E-20
3.78458E-20
3.65209E-20
3.5196E-20
3.40831E-20
3.32773E-20
3.24716E-20
3.1208E-20
2.98744E-20
2.90208E-20
2.84243E-20