0
5.73047E-22
1.14609E-21
1.71914E-21
2.29219E-21
2.86524E-21
3.43828E-21
1.10849E-20
2.3065E-20
2.4009E-20
2.30235E-20
2.14303E-20
1.9837E-20
1.87362E-20
1.77878E-20
1.68394E-20
1.58909E-20
1.5235E-20
1.46312E-20
1.40274E-20
1.34236E-20
1.28198E-20
1.2216E-20
1.16122E-20
1.10084E-20
1.0692E-20
1.03986E-20
1.01053E-20
9.81196E-21
9.51862E-21
9.22528E-21
8.93195E-21
8.69245E-21
8.45453E-21
8.21661E-21
7.97869E-21
7.74077E-21
7.50286E-21
7.26494E-21
7.02702E-21
6.8222E-21
6.68022E-21
6.53823E-21
6.39624E-21
6.25425E-21
6.11227E-21
5.97028E-21
5.82829E-21
5.6863E-21
5.54432E-21
5.40233E-21