0
2.67084E-22
5.34168E-22
8.01252E-22
1.06834E-21
1.33542E-21
1.6025E-21
6.22096E-21
5.26766E-21
1.52671E-21
8.30172E-22
3.92412E-22
2.44187E-22
1.43185E-22
1.09248E-22
7.53114E-23
5.0122E-23
4.07662E-23
3.14103E-23
2.20544E-23
1.89543E-23
1.62462E-23
1.35381E-23
1.083E-23
9.13554E-24
7.98464E-24
6.83375E-24
5.68285E-24
4.61314E-24
4.10371E-24
3.59427E-24
3.08483E-24
2.5754E-24
2.33947E-24
2.1619E-24
1.98434E-24
1.80678E-24
1.65184E-24
1.51227E-24
1.37269E-24
1.23311E-24
1.09353E-24
1.00963E-24
9.48038E-25
8.8645E-25
8.24862E-25
7.63275E-25
7.01687E-25
6.40099E-25
5.78512E-25
5.16924E-25