0
6.01183E-21
1.20237E-20
1.80355E-20
2.40473E-20
3.00591E-20
3.6071E-20
6.11574E-20
9.55032E-20
9.50074E-20
8.87343E-20
8.02494E-20
7.47256E-20
7.17109E-20
6.86961E-20
6.56813E-20
6.26666E-20
5.96518E-20
5.66371E-20
5.36223E-20
5.06075E-20
4.75928E-20
4.4578E-20
4.15633E-20
3.85485E-20
3.62507E-20
3.49998E-20
3.37489E-20
3.2498E-20
3.12472E-20
2.99963E-20
2.87454E-20
2.77405E-20
2.68958E-20
2.60512E-20
2.52065E-20
2.43619E-20
2.35172E-20
2.26726E-20
2.19965E-20
2.14273E-20
2.08581E-20
2.02889E-20
1.97197E-20
1.91504E-20
1.85812E-20
1.81903E-20
1.78409E-20
1.74916E-20
1.71422E-20
1.67928E-20