0
0
0
0
0
0
0
0
2.02E-22
2.94E-21
6.3E-21
9.3E-21
1.18E-20
1.4E-20
1.6E-20
1.8E-20
1.99E-20
2.11E-20
2.226E-20
2.326E-20
2.39E-20
2.418E-20
2.446E-20
2.474E-20
2.502E-20
2.53E-20
2.558E-20
2.586E-20
2.60556E-20
2.61667E-20
2.62778E-20
2.63889E-20
2.65E-20
2.66111E-20
2.67222E-20
2.68333E-20
2.69444E-20
2.70556E-20
2.71667E-20
2.72778E-20
2.73889E-20
2.75E-20
2.76111E-20
2.77222E-20
2.78333E-20
2.79444E-20
2.80556E-20
2.81667E-20
2.82778E-20
2.83889E-20
2.85E-20