0
6.17311E-25
1.23462E-24
1.85193E-24
2.46925E-24
3.08656E-24
3.70387E-24
6.83715E-24
3.68329E-23
8.33415E-23
1.20435E-22
1.35278E-22
1.34136E-22
1.26142E-22
1.06447E-22
8.62374E-23
6.53516E-23
4.61056E-23
3.66359E-23
2.71661E-23
2.15465E-23
1.69758E-23
1.31131E-23
1.06238E-23
8.42275E-24
7.26061E-24
6.10396E-24
5.28543E-24
4.4669E-24
3.93674E-24
3.5629E-24
3.18905E-24
2.82928E-24
2.58691E-24
2.39447E-24
2.22462E-24
2.06419E-24
1.92284E-24
1.78149E-24
1.6432E-24
1.50605E-24
1.37206E-24
1.30086E-24
1.22967E-24
1.1595E-24
1.09058E-24
1.02166E-24
9.61423E-25
9.01824E-25
8.42226E-25
7.82628E-25