0
5.86598E-21
1.1732E-20
1.75979E-20
2.34639E-20
2.93299E-20
3.51959E-20
2.9869E-19
5.88957E-19
6.47509E-19
6.27897E-19
6.01102E-19
5.68511E-19
5.35919E-19
5.03328E-19
4.70736E-19
4.39256E-19
4.1916E-19
3.99064E-19
3.78968E-19
3.58872E-19
3.38776E-19
3.22629E-19
3.1196E-19
3.01292E-19
2.90623E-19
2.79955E-19
2.69287E-19
2.58618E-19
2.4795E-19
2.37281E-19
2.29686E-19
2.2376E-19
2.17833E-19
2.11907E-19
2.05981E-19
2.01148E-19
1.96397E-19
1.91647E-19
1.86897E-19
1.82147E-19
1.77397E-19
1.72646E-19
1.67896E-19
1.63146E-19
1.58396E-19
1.53646E-19
1.48895E-19
1.44145E-19
1.39395E-19
1.34645E-19