0
3.91423E-25
7.82847E-25
1.17427E-24
1.56569E-24
1.95712E-24
2.34854E-24
3.1196E-24
2.99597E-23
6.8248E-23
1.10096E-22
1.35058E-22
1.34649E-22
1.2312E-22
1.02984E-22
8.17479E-23
6.15672E-23
4.51869E-23
3.29859E-23
2.36132E-23
1.79808E-23
1.39756E-23
1.07879E-23
8.90036E-24
7.10677E-24
5.78693E-24
4.65681E-24
4.02851E-24
3.46231E-24
3.00109E-24
2.59359E-24
2.31269E-24
2.14781E-24
1.98267E-24
1.81596E-24
1.64925E-24
1.52716E-24
1.41369E-24
1.30742E-24
1.20425E-24
1.11434E-24
1.05363E-24
9.92913E-25
9.23458E-25
8.51511E-25
7.9485E-25
7.44213E-25
6.97986E-25
6.5637E-25
6.14754E-25
5.73139E-25