0
8.15141E-22
1.63028E-21
2.44542E-21
3.26056E-21
4.0757E-21
4.89084E-21
1.06671E-20
2.17571E-20
2.40111E-20
2.34353E-20
2.16905E-20
2.02185E-20
1.86822E-20
1.73793E-20
1.66716E-20
1.59452E-20
1.5201E-20
1.4609E-20
1.40266E-20
1.33589E-20
1.26463E-20
1.20613E-20
1.15873E-20
1.11133E-20
1.06394E-20
1.03305E-20
1.00362E-20
9.74187E-21
9.45444E-21
9.19205E-21
8.92967E-21
8.66728E-21
8.4029E-21
8.13671E-21
7.87052E-21
7.60433E-21
7.36342E-21
7.13085E-21
6.89828E-21
6.70484E-21
6.55934E-21
6.41384E-21
6.26756E-21
6.11076E-21
5.95396E-21
5.79717E-21
5.65582E-21
5.5527E-21
5.44959E-21
5.34647E-21