0
2.02441E-21
4.04882E-21
6.07323E-21
8.09764E-21
1.01221E-20
1.21465E-20
3.33016E-20
7.39882E-20
8.19097E-20
7.7144E-20
7.25411E-20
6.80521E-20
6.3802E-20
6.01443E-20
5.7358E-20
5.48284E-20
5.25156E-20
4.99754E-20
4.72348E-20
4.50433E-20
4.30986E-20
4.12E-20
3.93798E-20
3.80112E-20
3.69325E-20
3.5805E-20
3.46553E-20
3.34953E-20
3.23086E-20
3.11218E-20
3.01349E-20
2.93622E-20
2.8588E-20
2.77958E-20
2.70036E-20
2.6096E-20
2.51919E-20
2.46275E-20
2.4063E-20
2.34569E-20
2.27716E-20
2.20863E-20
2.1538E-20
2.10492E-20
2.05474E-20
2.0015E-20
1.94826E-20
1.9176E-20
1.88974E-20
1.85392E-20